$ 1 0.000005 10.20027730826997 50 5 43 5e-11
r 208 192 208 288 0 10000
c 208 144 384 144 0 1e-8 0 0.001
w 208 144 208 192 0
w 384 144 384 240 0
a 208 304 384 240 9 12 -12 1000000 0 0 100000
w 208 288 208 304 0
g 208 320 208 368 0 0
w 208 320 208 304 2
r 544 208 544 304 0 10000
r 544 304 544 400 0 10000
a 544 320 672 304 9 12 -12 1000000 0 0 100000
w 544 304 544 320 0
w 384 240 384 304 0
w 384 304 544 304 2
w 672 304 672 176 0
w 672 176 544 176 0
w 544 176 544 208 0
w 672 304 672 400 0
w 672 400 544 400 0
g 544 336 544 384 0 0
w 544 336 544 320 2
w 672 304 736 304 0
r 736 304 736 192 0 10000
t 736 192 816 192 0 1 -11.73 0.63 100
r 816 176 816 112 0 10000
R 816 112 816 64 0 0 40 12 0 0 0.5
w 816 208 816 288 0
w 816 288 208 288 0
r 736 304 736 416 0 10000
t 736 416 816 416 0 -1 11.73 -0.63 100
r 816 432 816 496 0 10000
R 816 496 816 544 0 0 40 -12 0 0 0.5
w 816 400 816 288 0
p 384 304 384 384 1 0 0
g 384 384 384 432 0 0
p 672 304 672 448 1 0 0
g 672 448 672 496 0 0
o 30 64 0 4099 5 0.05 0 2 30 3
o 32 64 0 4099 10 0.05 1 2 32 3
