$ 1 0.000005 10.20027730826997 50 5 43 5e-11
r 176 128 176 256 0 10000
r 176 256 176 384 0 10000
w 176 128 176 80 0
w 176 384 176 432 0
R 176 80 176 32 0 0 40 12 0 0 0.5
g 176 432 176 480 0 0
p 176 256 240 256 1 0 0
r 368 128 368 256 0 10000
r 368 256 368 384 0 20000
w 368 128 368 80 0
w 368 384 368 432 0
R 368 80 368 32 0 0 40 12 0 0 0.5
g 368 432 368 480 0 0
p 368 256 432 256 1 0 0
r 560 128 560 256 0 10000
r 560 256 560 384 0 4700
w 560 128 560 80 0
w 560 384 560 432 0
R 560 80 560 32 0 0 40 12 0 0 0.5
g 560 432 560 480 0 0
p 560 256 624 256 1 0 0
o 6 64 0 4099 5 0.025 0 2 6 3
o 13 64 0 4099 5 0.025 0 2 13 3
o 20 64 0 4099 5 0.025 0 2 20 3
