$ 1 0.000005 10.20027730826997 50 5 43 5e-11
R 192 160 192 112 0 2 5 5 0 0 0.5
r 192 160 192 256 0 10000
c 192 256 192 352 0 1e-7 0 0.001
g 192 352 192 384 0 0
w 192 160 416 160 0
r 416 160 416 256 0 100000
c 416 256 416 352 0 1e-7 0 0.001
g 416 352 416 384 0 0
w 416 160 640 160 0
r 640 160 640 256 0 100000
c 640 256 640 352 0 1e-6 0 0.001
g 640 352 640 384 0 0
p 192 256 256 256 1 0 0
p 416 256 480 256 1 0 0
p 640 256 704 256 1 0 0
o 7 32 0 4098 5 0.05 0 2 0 3
o 8 32 0 4098 5 0.05 1 2 0 3
o 9 32 0 4098 5 0.05 2 2 0 3
