$ 1 0.000005 10.20027730826997 50 5 43 5e-11
r 208 240 208 336 0 10000
c 208 176 384 176 0 1e-7 0 0.001
w 208 176 208 240 0
w 384 176 384 272 0
a 208 352 384 272 9 12 -12 1000000 0 0 100000
w 208 336 208 352 0
w 384 272 384 336 0
w 384 336 448 336 0
g 208 368 208 416 0 0
w 208 368 208 352 2
r 544 240 544 336 0 10000
r 544 336 544 432 0 10000
a 544 352 672 336 9 12 -12 1000000 0 0 100000
w 544 336 544 352 0
w 448 336 544 336 2
w 672 336 672 208 0
w 672 208 544 208 0
w 544 208 544 240 0
w 672 336 672 432 0
w 672 432 544 432 0
w 672 336 736 336 0
w 736 336 736 144 0
w 736 144 208 144 0
w 208 144 208 240 0
g 544 368 544 416 0 0
w 544 368 544 352 2
p 384 336 384 416 1 0 0
g 384 416 384 464 0 0
p 736 336 736 416 1 0 0
g 736 416 736 464 0 0
o 22 64 0 4099 5 0.05 0 2 22 3
o 24 64 0 4099 10 0.05 1 2 24 3
