$ 1 0.000005 10.20027730826997 50 5 43 5e-11
r 304 192 304 288 0 100000
r 304 288 304 384 0 100000
a 208 304 304 288 9 12 -12 1000000 0 0 100000
w 304 288 304 304 0
w 304 304 208 304 2
w 304 288 416 288 0
r 416 288 416 176 0 10000
c 208 176 208 288 0 1e-7 0 0.001
w 208 288 208 304 0
w 416 176 208 176 0
g 304 384 304 432 0 0
R 304 192 304 144 0 0 40 12 0 0 0.5
g 208 320 208 368 0 0
w 208 320 208 304 2
p 208 176 160 176 1 0 0
g 160 176 160 224 0 0
p 416 288 464 288 1 0 0
g 464 288 464 336 0 0
o 15 64 0 4099 5 0.05 0 2 15 3
o 17 64 0 4099 10 0.05 1 2 17 3
