$ 1 0.000005 10.20027730826997 50 5 43 5e-11
R 128 256 80 256 0 1 1000 5 0 0 0.5
r 128 256 256 256 0 4700
d 256 256 352 256 2 default
d 352 256 256 256 2 default
r 256 256 256 352 0 10000
d 256 352 352 352 2 default
d 352 352 256 352 2 default
r 256 352 256 432 0 22000
w 352 256 352 352 0
w 352 352 352 432 0
g 256 432 256 480 0 0
g 352 432 352 480 0 0
w 352 256 448 256 0
p 128 256 128 352 1 0 0
g 128 352 128 400 0 0
p 448 256 448 352 1 0 0
g 448 352 448 400 0 0
o 12 64 0 4099 5 0.025 0 2 12 3
o 14 64 0 4099 5 0.025 1 2 14 3
