$ 1 0.000005 10.20027730826997 50 5 43 5e-11
R 176 256 128 256 0 1 1000 5 0 0 0.5
w 176 256 272 256 0
r 352 208 352 160 0 10000
r 352 304 352 352 0 10000
R 352 160 352 112 0 0 40 12 0 0 0.5
g 352 352 352 400 0 0
w 352 256 352 208 0
w 352 256 352 304 0
a 272 272 416 256 9 12 -12 1000000 0 0 100000
w 272 272 272 256 2
w 352 256 272 256 2
g 272 288 272 336 0 0
w 272 288 272 272 2
174 352 256 352 304 1 10000 0.5 Threshold
p 176 256 176 352 1 0 0
g 176 352 176 400 0 0
p 416 256 416 352 1 0 0
g 416 352 416 400 0 0
o 13 64 0 4099 5 0.025 0 2 13 3
o 15 64 0 4099 10 0.05 1 2 15 3
